SNP	Chr	Pos
1	rs370545	1	155205599
2	rs423144	1	155199564
3	rs484500	1	43104714
4	rs497829	1	155223741
6	rs523657	1	43098394
7	rs550307	1	43105857
8	rs562942	1	43103548
9	rs578703	1	43099821
10	rs585495	1	43098606
11	rs585524	1	43098627
12	rs614210	1	43100407
13	rs683602	1	43104872
14	rs1057941	1	155216951
16	rs1339706	1	43092964
17	rs2974929	1	155227477
19	rs2974930	1	155226926
21	rs2974931	1	155225424
23	rs2974935	1	155212052
25	rs2974937	1	155199058
26	rs2990220	1	155220463
28	rs2990245	1	155227671
30	rs2990246	1	155227811
32	rs3754485	1	155242420
34	rs3768566	1	155231273
36	rs3814316	1	155177242
37	rs4072037	1	155192276
38	rs4276914	1	155169753
39	rs4421576	1	155169734
40	rs4460629	1	155162859
41	rs4971059	1	155176305
42	rs4971085	1	155165746
43	rs4971088	1	155170407
44	rs4971089	1	155170451
45	rs4971091	1	155171292
46	rs4971092	1	155171470
47	rs4971093	1	155171824
48	rs4971099	1	155183132
49	rs4971100	1	155183255
50	rs4971101	1	155185159
51	rs12407919	1	155229524
53	rs12411216	1	155194689
54	rs12567817	1	43086629
55	rs12723761	1	155230533
57	rs12743084	1	155188692
58	rs12752585	1	155162930
59	rs142909110	1	156125568
60	rs143164282	1	43086651
61	rs555950655	1	43103216
62	rs67579710	1	155203736
63	rs534751763	1	155414007
64	rs147048677	1	155192003
65	rs111508230	1	155181061
66	rs112235048	1	155637114
67	rs370192957	1	156005262
68	rs139818883	1	43061970
69	rs140435252	1	43079999
70	rs6427184	1	155150307
71	rs6676150	1	155151361
72	rs6694256	1	155134292
73	rs149015592	1	45986078
74	rs115352519	1	155090194
75	rs115729781	1	155247647
77	rs115756662	1	43079900
78	rs182016092	1	43095827
79	rs200967013	1	43088448
80	rs35154152	1	155202934
81	rs35257654	1	43084477
82	rs41264915	1	155197995
83	rs11355526	1	155199410
84	rs11580040	1	155228431
86	rs12060907	1	43065684
87	rs12083156	1	43097375
88	rs12083663	1	43094844
89	rs12084398	1	43097874
90	rs12086084	1	43101762
91	rs1611774	1	155185377
92	rs2049805	1	155225189
94	rs2066981	1	155202588
95	rs2070803	1	155185239
96	rs2075569	1	155239569
98	rs2075570	1	155212373
100	rs2075571	1	155204315
101	rs115897162	1	43088455
102	rs116251058	1	43068268
103	rs116352080	1	155247646
105	rs117431282	1	155595969
106	rs541049493	1	155182914
107	rs147646818	1	45972123
108	rs148001269	1	155724378
109	rs148528452	1	43089300
110	rs188307665	1	43103214
111	rs543745688	1	155596081
112	rs57041373	1	43086214
113	rs57181470	1	43093673
114	rs57258409	1	43142086
115	rs59254648	1	43072193
116	rs59288611	1	43094832
117	rs59557463	1	43094274
118	rs60232775	1	43094833
119	rs61238483	1	43085714
120	rs138554234	1	156119243
121	rs138597847	1	155613837
122	rs17723260	1	155086187
123	rs28445596	1	155216938
125	rs34522020	1	155109150
126	rs10596808	1	43100672
127	rs10737170	1	156094089
128	rs11210781	1	43075160
129	rs11210782	1	43082727
130	rs11210783	1	43084279
131	rs11264337	1	155165974
132	rs11264338	1	155166081
133	rs11264339	1	155168172
134	rs11264341	1	155179017
135	rs144295720	1	43080153
136	rs144430773	1	43087455
137	rs144501405	1	155414006
138	rs144540188	1	43127534
139	rs144644137	1	43095979
140	rs141916732	1	46089491
141	rs141942982	1	155164919
142	rs1078645	2	106183275
143	rs1108143	2	234557214
144	rs1441230	2	41282222
145	rs4140751	2	41259918
146	rs4140754	2	41292238
147	rs4311028	2	29484115
148	rs4359598	2	29474121
149	rs4365417	2	29487144
150	rs4433956	2	29507626
151	rs4435407	2	29467734
152	rs4438441	2	29508299
153	rs4493213	2	29475298
154	rs4530323	2	29484493
155	rs4550626	2	29501542
156	rs4665458	2	29467364
157	rs4666229	2	29496244
158	rs4666231	2	29498150
159	rs4666232	2	29498955
160	rs4851914	2	106075677
161	rs5830678	2	41282497
162	rs6547933	2	29477299
163	rs6547936	2	29493400
164	rs6705577	2	43132136
165	rs6712076	2	29471576
166	rs6712537	2	43116474
167	rs6714833	2	29522692
168	rs6716687	2	29533165
169	rs1812726	2	106277787
170	rs1816758	2	41289321
171	rs1900248	2	53001568
172	rs1992404	2	41262167
173	rs2113377	2	41262848
174	rs2197036	2	41289456
175	rs2290322	2	106072145
176	rs2889664	2	106205245
177	rs2889667	2	106225432
178	rs3884503	2	29486535
179	rs200620692	2	53046131
180	rs13023753	2	41280794
181	rs13023967	2	41280922
182	rs13385435	2	29512449
183	rs13391171	2	43119201
184	rs13396969	2	29512448
185	rs13407827	2	29515480
186	rs13423479	2	41265179
187	rs17030394	2	43127141
188	rs17030410	2	43129351
189	rs17032574	2	106172125
190	rs17333759	2	43128762
191	rs17405635	2	43128624
192	rs17405649	2	43128666
193	rs17405663	2	43128816
194	rs11682578	2	41289806
195	rs11903321	2	53031381
196	rs11904476	2	29510171
197	rs12466022	2	43131922
198	rs12467802	2	29524308
199	rs12471190	2	43131988
200	rs12475058	2	29502258
201	rs12478539	2	43128185
202	rs12611836	2	41270691
203	rs12613605	2	43131771
204	rs12617228	2	234564693
205	rs12712745	2	41266376
206	rs12714281	2	29469094
207	rs12714286	2	29487589
208	rs12988541	2	29523467
209	rs6725521	2	29499733
210	rs6727542	2	29472064
211	rs6727662	2	41292557
212	rs6732544	2	29476658
213	rs6734413	2	29503212
214	rs6736867	2	43115200
215	rs6741704	2	43116667
216	rs6746891	2	43119372
217	rs6750162	2	29476685
218	rs6758410	2	29508791
219	rs6760164	2	29476622
220	rs10164684	2	29505854
221	rs10180885	2	29516442
222	rs10190504	2	43117749
223	rs10191073	2	106074934
224	rs10194164	2	41266648
225	rs10202299	2	41279749
226	rs10209169	2	29505640
227	rs10209375	2	29514629
228	rs10514793	2	106169951
229	rs10630110	2	29475869
230	rs11124098	2	106262607
231	rs11124099	2	106262731
232	rs11376198	2	41288506
233	rs11677924	2	29500326
234	rs28411734	2	43128380
235	rs28498283	2	43132926
236	rs34500523	2	106172635
237	rs34844938	2	29535566
238	rs35629390	2	41266480
239	rs36047896	2	41272114
240	rs36065119	2	29497562
241	rs55670685	2	234559166
242	rs55703190	2	29491621
243	rs56009787	2	43118533
244	rs56010037	2	29508697
245	rs56017820	2	234561107
246	rs112970967	2	106226725
247	rs114546215	2	106075594
248	rs58700409	2	43120793
249	rs59411686	2	29527065
250	rs59462564	2	29488871
251	rs61071388	2	106197132
252	rs62134018	2	37945021
253	rs62135409	2	43130437
254	rs62135410	2	43130870
255	rs370125210	2	105985740
256	rs140095639	2	106206085
257	rs140346398	2	106078484
258	rs144940904	2	53001531
259	rs144972487	2	106212571
260	rs145401340	2	106040332
261	rs145422959	2	105898262
262	rs116087667	2	106276551
263	rs138233937	2	54227422
264	rs138253307	2	105961698
265	rs138373114	2	53049199
266	rs139126086	2	105887686
267	rs139272409	2	53007014
268	rs147518036	2	106194416
269	rs147590874	2	106226463
270	rs148303912	2	53037057
271	rs148428891	2	106236064
272	rs148479119	2	106240004
273	rs150189497	2	106277790
274	rs150241649	2	106279556
275	rs151088545	2	106197515
276	rs151255986	2	53038694
277	rs190175328	2	106274824
278	rs141273466	2	106256222
279	rs141877271	2	106254357
280	rs142871762	2	106251258
281	rs143403878	2	53032136
282	rs143807855	2	106097663
283	rs181579537	2	106264759
284	rs116920696	2	53016455
285	rs117355295	2	106215926
286	rs187060948	2	106265989
287	rs183734363	2	43132629
288	rs184534147	2	106238972
289	rs184576114	2	106229502
290	rs184923437	2	106010594
291	rs146292798	2	106054452
292	rs146580532	2	105980147
293	rs146626042	2	234556567
294	rs146654126	2	106032248
295	rs146842649	2	106221522
296	rs146908756	2	54107171
297	rs191902131	2	105976117
298	rs188891311	2	105948675
299	rs188911453	2	106278091
300	rs575397923	2	106247582
301	rs562508635	2	106275177
302	rs550537766	2	43132620
303	rs533552249	2	43132619
304	rs541558271	2	106238063
305	rs560877989	2	43132626
306	rs552987502	2	106205330
307	rs556927334	2	106221523
308	rs550458834	2	43132621
309	rs564391566	2	105983556
310	rs531455335	2	106275181
311	rs571357648	2	54182425
312	rs552606168	2	106253392
313	rs151760	3	10272541
314	rs242374	3	10276815
315	rs427004	3	10258880
316	rs548318	3	94382820
317	rs548545	3	94338495
318	rs563571	3	10282885
319	rs16823073	3	114645648
320	rs16823078	3	114647978
321	rs16859658	3	147677961
322	rs28396375	3	147674425
323	rs28535432	3	114647694
324	rs28616101	3	147681958
325	rs34888928	3	94389004
326	rs34948385	3	114650461
327	rs12054204	3	114651459
328	rs13324393	3	147677285
329	rs67203210	3	114639549
330	rs142664773	3	147690751
331	rs1274265	3	114635461
332	rs1290894	3	114634293
333	rs1296193	3	114648146
334	rs1492015	3	94360614
335	rs1574080	3	147670646
336	rs1580635	3	94369055
337	rs1921494	3	114667716
338	rs2101651	3	94386846
339	rs2319188	3	147688526
340	rs2543994	3	10255250
341	rs2543995	3	10257247
342	rs2543997	3	10262415
343	rs2543999	3	10262862
344	rs2544001	3	10265247
345	rs10470461	3	147680821
346	rs11294002	3	114634143
347	rs60033378	3	114668150
348	rs201883240	3	114662410
349	rs56298435	3	114644554
350	rs146818703	3	147658683
351	rs192250589	3	10292710
352	rs187995221	3	10315308
353	rs101927	4	124514626
354	rs312489	4	124525059
355	rs312493	4	124527133
356	rs312494	4	124527848
357	rs312496	4	124528351
358	rs312497	4	124528833
359	rs312498	4	124529214
360	rs312500	4	124521461
361	rs312504	4	124517252
362	rs312509	4	124515759
363	rs312518	4	124510300
364	rs1388988	4	124490082
365	rs1509523	4	124532546
366	rs1509525	4	124534302
367	rs1509526	4	124531213
368	rs1509527	4	124525625
369	rs1567395	4	124543964
370	rs1567396	4	124544008
371	rs4597845	4	124547882
372	rs4833988	4	124497381
373	rs6534441	4	124494379
374	rs6534446	4	124549032
375	rs6821572	4	124541870
376	rs6821873	4	124541786
377	rs6828748	4	124542985
378	rs6836758	4	124537071
379	rs6846869	4	124533665
380	rs6856045	4	124536507
381	rs6856467	4	124536626
382	rs10019535	4	124548117
383	rs28507630	4	124538914
384	rs28548600	4	124537113
385	rs28733585	4	124534094
386	rs4340804	4	124530911
387	rs4367185	4	124532984
388	rs4470645	4	124546284
389	rs35035366	4	124544297
390	rs35541719	4	184319381
391	rs55698707	4	124535347
392	rs55740462	4	124545556
393	rs56003248	4	124532121
394	rs56009124	4	124545965
395	rs56061866	4	124497619
396	rs12651542	4	124498324
397	rs13124572	4	124498480
398	rs13126916	4	124493489
399	rs113390135	4	124548375
400	rs143126739	4	124534951
401	rs10029005	4	124530209
402	rs10034765	4	124507523
403	rs10050220	4	124529877
404	rs10857100	4	124502790
405	rs10866267	4	184318008
406	rs11098765	4	124531217
407	rs11294878	4	124549087
408	rs11937064	4	124535968
409	rs11946186	4	124535918
410	rs57285647	4	124493275
411	rs57456946	4	124540159
412	rs57476451	4	124540982
413	rs57523386	4	124536223
414	rs58568869	4	124538519
415	rs59610773	4	124538659
416	rs59780240	4	124536174
417	rs151058873	4	124527953
418	rs114257276	4	124534952
419	rs4681366	3	147681566
420	rs26265	5	83021052
421	rs256787	5	83003556
422	rs1001684	5	40810324
423	rs1002423	5	40767356
424	rs1002424	5	40767295
425	rs1024098	5	40559285
426	rs1122655	5	40807825
427	rs1345778	5	40712695
428	rs1449229	5	89694391
429	rs1692252	5	40722720
430	rs2230133	5	141319490
431	rs2329353	5	40748166
432	rs2657035	5	83006566
433	rs2675982	5	40960176
434	rs2736098	5	1293971
435	rs2736107	5	1297739
436	rs2736108	5	1297373
437	rs2736109	5	1296644
438	rs2853669	5	1295234
439	rs3215401	5	1296141
440	rs3763074	5	40837920
441	rs3805487	5	40795931
442	rs3805495	5	40755466
443	rs3805497	5	40746783
444	rs4312915	5	89640449
445	rs4312916	5	89640477
446	rs4342357	5	89662704
447	rs4360073	5	89675258
448	rs4426948	5	89614621
449	rs4428448	5	89614670
450	rs4507520	5	89626190
451	rs4509070	5	40699582
452	rs4530791	5	89681941
453	rs4555859	5	89670278
454	rs4623180	5	89617705
455	rs4623181	5	89635622
456	rs4916756	5	89605080
457	rs4916761	5	89621596
458	rs4916763	5	89622987
459	rs4957341	5	40677947
460	rs4957342	5	40694052
461	rs4957352	5	40787421
462	rs61384889	5	40558377
463	rs62380156	5	89611916
464	rs70999445	5	89641991
465	rs6452832	5	89603758
466	rs6452838	5	89634901
467	rs6452839	5	89635135
468	rs6452840	5	89635320
469	rs6860328	5	40729872
470	rs6866899	5	89620285
471	rs6867765	5	89620634
472	rs6868517	5	40752434
473	rs6872282	5	40703988
474	rs6873054	5	40719441
475	rs6876367	5	40829209
476	rs6882845	5	89628444
477	rs6894060	5	89704334
478	rs6897169	5	40726036
479	rs6898211	5	141309161
480	rs6899032	5	40839104
481	rs28540420	5	40687361
482	rs28544962	5	40781085
483	rs35035682	5	40533207
484	rs35574166	5	40812772
485	rs11956019	5	40812129
486	rs11956047	5	40812275
487	rs11957736	5	40819651
488	rs12152822	5	89681016
489	rs12187739	5	89690328
490	rs12513521	5	89597021
491	rs12514744	5	89682633
492	rs12515711	5	89657426
493	rs12520073	5	89656424
494	rs12652840	5	89622616
495	rs12654312	5	89619880
496	rs12658726	5	89701633
497	rs12697792	5	89622446
498	rs13154151	5	89631898
499	rs13169168	5	89623971
500	rs13178173	5	89671500
501	rs13361707	5	40791782
502	rs10036575	5	40685693
503	rs10038769	5	40720026
504	rs10038901	5	89641751
505	rs10040170	5	89618571
506	rs10043245	5	40818986
507	rs10043314	5	89666335
508	rs10044716	5	89622386
509	rs10055925	5	40687957
510	rs10057743	5	89645581
511	rs10065570	5	40835525
512	rs10068873	5	89673989
513	rs10071679	5	40742959
514	rs10074188	5	89658814
515	rs10074991	5	40790449
516	rs10077397	5	89607481
517	rs10078575	5	40703972
518	rs10447158	5	89630685
519	rs10447173	5	89628686
520	rs10473923	5	89627197
521	rs10474297	5	89627224
522	rs10474299	5	89662301
523	rs10537439	5	89649029
524	rs10548207	5	1296963
525	rs10672218	5	40695095
526	rs10805860	5	89656088
527	rs10942555	5	89610863
528	rs10942562	5	89631312
529	rs10942565	5	89682033
530	rs11740815	5	89648307
531	rs139149632	5	40541365
532	rs139942918	5	89632307
533	rs139998913	5	89625710
534	rs140190217	5	40503836
535	rs140780031	5	40660992
536	rs35972942	5	40786255
537	rs35976176	5	89619257
538	rs56787183	5	40499188
539	rs56885945	5	40539762
540	rs57067284	5	40734315
541	rs57353165	5	40553606
542	rs57673234	5	40620793
543	rs57806386	5	40699084
544	rs57808120	5	40510362
545	rs58106522	5	40609013
546	rs58135079	5	40558693
547	rs58692207	5	40780467
548	rs58751240	5	40791399
549	rs59133000	5	40798872
550	rs59303336	5	40556615
551	rs59338019	5	40780684
552	rs59585832	5	40743936
553	rs60567681	5	40530908
554	rs60770691	5	40705317
555	rs150503090	5	40787468
556	rs144691987	5	141310348
557	rs145020032	5	40493816
558	rs145884228	5	40726215
559	rs114640412	5	40602306
560	rs115544485	5	40494659
561	rs116221323	5	40625163
562	rs199839504	5	141310730
563	rs200101704	5	89612284
564	rs189072303	5	141310347
565	rs116601874	5	40503821
566	rs116852925	5	40550115
567	rs117352878	5	40566047
568	rs117520693	5	40533715
569	rs117948631	5	40569476
570	rs138090604	5	40786076
571	rs138532608	5	40503313
572	rs184968200	5	40827835
573	rs141068508	5	40660268
574	rs141677122	5	141277585
575	rs147215900	5	40541444
576	rs147533526	5	40563104
577	rs144104952	5	40567236
578	rs144157386	5	40777430
579	rs148614144	5	89632455
580	rs149266859	5	40601609
581	rs149341138	5	89632250
582	rs149522085	5	40541415
583	rs149591923	5	40562721
584	rs150241782	5	141326264
585	rs114080964	5	40623536
586	rs371849903	5	171518679
587	rs373477888	5	40790539
588	rs533617175	5	40564856
589	rs546238399	5	40790526
590	rs555918218	5	40777429
591	rs565028005	5	89617729
592	rs563527535	5	40777764
593	rs572523573	5	40420579
594	rs11280	6	41067119
595	rs205514	6	40545633
596	rs205515	6	40546446
597	rs374337	6	40556232
598	rs410066	6	40548481
599	rs413009	6	29928085
606	rs417399	6	40549023
607	rs428101	6	40548759
608	rs543608	6	147927982
609	rs574581	6	147896251
610	rs600222	6	147899879
611	rs607471	6	147894217
612	rs618688	6	147908493
613	rs707973	6	40562947
614	rs1033482	6	40574334
615	rs1050437	6	31271808
622	rs1050444	6	31271837
629	rs1071743	6	29943279
637	rs1072119	6	41025333
638	rs1119211	6	28341359
639	rs1127574	6	27360209
640	rs6939989	6	41052466
641	rs6940356	6	41052621
642	rs6940462	6	41052484
643	rs6941090	6	41075726
644	rs1150685	6	28188698
645	rs1362125	6	29723313
652	rs1534995	6	40992992
653	rs1555040	6	27346292
654	rs1572890	6	40571906
655	rs1618714	6	40564812
656	rs1625485	6	29926612
663	rs1632906	6	29927161
670	rs1655890	6	29918599
677	rs1655924	6	29937342
684	rs1655938	6	29927438
691	rs1737679	6	40559786
692	rs1771304	6	40564548
693	rs1771307	6	40547393
694	rs1771309	6	40574448
695	rs1778482	6	28273215
696	rs1778483	6	28273214
697	rs2057000	6	41049213
698	rs2057001	6	41055208
699	rs2057002	6	41055223
700	rs2072895	6	29724080
707	rs2072899	6	29724845
714	rs2073014	6	41061370
715	rs2073015	6	41041008
716	rs2073016	6	41053183
717	rs2074486	6	29926466
724	rs2074487	6	29926449
731	rs2076179	6	29723995
738	rs2076472	6	41061603
739	rs2142731	6	28283136
740	rs2235678	6	41052771
741	rs2235679	6	41052838
742	rs2235680	6	41081218
743	rs2267637	6	30610558
750	rs2268187	6	41075254
751	rs2268188	6	41074851
752	rs2268190	6	41062487
753	rs2268191	6	41059914
754	rs2268192	6	41056887
755	rs2268193	6	41056886
756	rs2268194	6	41056708
757	rs2268195	6	41056601
758	rs2268196	6	41054211
759	rs2272986	6	41070039
760	rs2281255	6	41041702
761	rs2281256	6	41041857
762	rs2294693	6	41037763
763	rs2294694	6	41078438
764	rs2294695	6	41069031
765	rs2294696	6	41069249
766	rs2394704	6	29931370
773	rs2437063	6	29935459
780	rs2442734	6	31390972
785	rs2471863	6	29931850
792	rs2471867	6	29927827
799	rs2471871	6	29917038
806	rs2471872	6	29917028
813	rs2473584	6	40568743
814	rs2473585	6	40569359
815	rs2494938	6	40568389
816	rs2494939	6	40569735
817	rs4317403	6	41003434
818	rs4713155	6	28266624
819	rs4713262	6	29938159
826	rs4713264	6	29938212
833	rs4714410	6	40973313
834	rs4714417	6	41020043
835	rs4714420	6	41025060
836	rs4714421	6	41025098
837	rs4714422	6	41044666
838	rs4714423	6	41044744
839	rs4714424	6	41044767
840	rs4714425	6	41045177
841	rs4714426	6	41049857
842	rs4714427	6	41051241
843	rs5875138	6	27398439
844	rs5880740	6	147907449
845	rs6456814	6	28338035
846	rs6458195	6	41004759
847	rs6900458	6	31273430
854	rs6903444	6	41046481
855	rs6907057	6	147950853
856	rs6907256	6	147950980
857	rs6915503	6	40555530
858	rs6919961	6	41052622
859	rs6924349	6	147950222
860	rs6924722	6	41034456
861	rs28482016	6	29937447
868	rs28722181	6	31275250
875	rs28749095	6	29934997
882	rs28749096	6	29935030
889	rs28749097	6	29935067
896	rs28749098	6	29935116
903	rs28749099	6	29935122
910	rs28749100	6	29935234
917	rs28749101	6	29935235
924	rs28749104	6	29936191
931	rs28749105	6	29936319
938	rs28749106	6	29936425
945	rs28749107	6	29936521
952	rs28749108	6	29936583
959	rs28749109	6	29936631
966	rs28749110	6	29936634
973	rs28749111	6	29937263
980	rs28749112	6	29937603
987	rs28749113	6	29937674
994	rs28749114	6	29937675
1001	rs28749115	6	29939346
1008	rs28749116	6	29939347
1015	rs28749117	6	29939382
1022	rs28749118	6	29939387
1029	rs28749119	6	29939424
1036	rs28749120	6	29939536
1043	rs28749122	6	29939689
1050	rs28749123	6	29939690
1057	rs28749124	6	29939788
1064	rs28749125	6	29939824
1071	rs28749126	6	29939828
1078	rs28749127	6	29939829
1085	rs28749129	6	29939867
1092	rs28749131	6	29940118
1099	rs28749132	6	29940199
1106	rs28749133	6	29940316
1113	rs28749134	6	29940381
1120	rs28749135	6	29940402
1127	rs28749137	6	29940531
1134	rs28749140	6	29941151
1141	rs28749141	6	29941267
1148	rs28749157	6	29948804
1156	rs28749158	6	29948904
1164	rs28749159	6	29948988
1172	rs28749160	6	29949016
1180	rs28749161	6	29949184
1188	rs28749162	6	29949185
1196	rs28780071	6	29954890
1204	rs28780072	6	29955076
1212	rs28894072	6	29937996
1219	rs28894073	6	29938000
1226	rs28894074	6	29938005
1233	rs28894075	6	29938084
1240	rs28894076	6	29938133
1247	rs28993375	6	29940174
1253	rs28993377	6	29952624
1259	rs34031084	6	29919008
1265	rs12210014	6	40565698
1266	rs12213055	6	27362906
1267	rs12214925	6	27356746
1268	rs13190721	6	29937843
1275	rs13190729	6	29937851
1282	rs13190846	6	29937950
1289	rs13191323	6	41071106
1290	rs13198419	6	29939204
1297	rs13201148	6	29928136
1304	rs13203830	6	29941027
1311	rs13204255	6	29928167
1318	rs13205065	6	41091871
1319	rs13207054	6	29941190
1326	rs13214629	6	29925783
1333	rs13214982	6	29948909
1341	rs13215305	6	29948873
1349	rs13215306	6	29948878
1357	rs13215316	6	29948902
1365	rs13216361	6	41039307
1366	rs13219558	6	29940882
1373	rs16867808	6	27495905
1374	rs16893603	6	28048906
1375	rs16893619	6	28063251
1376	rs16893670	6	28092392
1377	rs16893673	6	28111298
1378	rs16893699	6	28138111
1379	rs16893741	6	28172515
1380	rs16893755	6	28188565
1381	rs16893892	6	28272095
1382	rs16896724	6	29952186
1390	rs17688516	6	27360798
1391	rs17739702	6	27361488
1392	rs17739727	6	27362009
1393	rs35105472	6	41094950
1394	rs35483019	6	33821388
1395	rs36112794	6	28089051
1396	rs55923531	6	27340177
1397	rs56710670	6	41063785
1398	rs57512828	6	33821401
1399	rs59249466	6	28146121
1400	rs10155663	6	41026562
1401	rs10155799	6	41024430
1402	rs10456492	6	40566320
1403	rs10456493	6	40566628
1404	rs10456494	6	40566756
1405	rs10456496	6	41021101
1406	rs10456497	6	41021318
1407	rs10484402	6	28011847
1408	rs10539412	6	40567083
1409	rs10947897	6	40563061
1410	rs10947898	6	40565154
1411	rs10947899	6	40566300
1412	rs10947942	6	40990466
1413	rs10947944	6	41036918
1414	rs11312290	6	29935237
1421	rs11341985	6	41008019
1422	rs11432553	6	147895266
1423	rs11753423	6	40563983
1424	rs11756788	6	41114949
1425	rs11756893	6	41042319
1426	rs12055704	6	41020765
1427	rs12195208	6	29940649
1434	rs12199213	6	27355108
1435	rs12200923	6	41002353
1436	rs12202296	6	29940692
1443	rs115713078	6	28228622
1444	rs115962837	6	28013380
1445	rs116064506	6	27962806
1446	rs114447298	6	27968169
1447	rs114654802	6	27427113
1448	rs114784465	6	27992766
1449	rs61736957	6	27452809
1450	rs62622793	6	27388868
1451	rs62638679	6	28247033
1452	rs67525613	6	41041217
1453	rs67901303	6	29941152
1460	rs68031000	6	41041102
1461	rs112580141	6	29937933
1468	rs113181456	6	40565738
1469	rs113913436	6	29928371
1474	rs139559205	6	28163824
1475	rs139970647	6	28087435
1476	rs140186444	6	28321109
1477	rs140674470	6	28020989
1478	rs141873462	6	28254334
1479	rs142101150	6	27350820
1480	rs142259232	6	27381571
1481	rs137944365	6	28356462
1482	rs138119418	6	28161785
1483	rs144399148	6	28271144
1484	rs145003100	6	27355594
1485	rs145549063	6	29937895
1491	rs146732010	6	28243561
1492	rs146894260	6	28149494
1493	rs147067071	6	27440972
1494	rs151165982	6	28193692
1495	rs149134857	6	28319377
1496	rs191251083	6	29919007
1503	rs191299419	6	27448409
1504	rs150644047	6	27489744
1505	rs201475493	6	27487356
1506	rs201724492	6	28106937
1507	rs201923878	6	40566238
1508	rs202178975	6	27458310
1509	rs143239197	6	27331727
1510	rs143298978	6	147941853
1511	rs143335409	6	27464985
1512	rs144118644	6	27348793
1513	rs144127525	6	28191309
1514	rs201206823	6	27353557
1515	rs2517711	6	29950511
1523	rs2517712	6	29950396
1531	rs2517715	6	29949662
1539	rs2517719	6	29948476
1547	rs2517721	6	29947631
1555	rs2517729	6	29938603
1562	rs2517730	6	29938332
1569	rs2517745	6	29929917
1576	rs2517748	6	29929573
1583	rs2517749	6	29929482
1590	rs2517755	6	29928882
1597	rs2517756	6	29928746
1604	rs2517758	6	29928498
1611	rs2517764	6	29927225
1618	rs2517765	6	29927214
1625	rs2517767	6	29927021
1632	rs2517772	6	29926428
1639	rs2517779	6	29925458
1646	rs2517780	6	29925377
1653	rs2517863	6	29903942
1661	rs2523404	6	29727936
1667	rs2523405	6	29727528
1673	rs2523468	6	31395114
1678	rs2571391	6	29956061
1686	rs2571423	6	29931139
1693	rs2734905	6	29937152
1700	rs2734906	6	29934006
1707	rs2734907	6	29933863
1714	rs2734908	6	29931708
1721	rs2734911	6	29930989
1728	rs2734921	6	29915386
1735	rs2735059	6	29728077
1741	rs2735060	6	29727689
1747	rs2735093	6	29950023
1755	rs2735097	6	29947524
1763	rs2735098	6	29947347
1771	rs2799081	6	28302807
1772	rs2853940	6	31281955
1779	rs2904760	6	29938947
1786	rs2904762	6	29928337
1793	rs2905765	6	29936715
1800	rs2905771	6	29934121
1807	rs2905773	6	29930449
1814	rs2916804	6	29946527
1822	rs2916805	6	29949726
1830	rs2916816	6	29937205
1837	rs2916818	6	29929148
1844	rs2975007	6	29934550
1851	rs2975008	6	29934273
1858	rs2975010	6	29930331
1865	rs2975011	6	29928343
1872	rs2975041	6	29952898
1880	rs2975045	6	29949719
1888	rs2975047	6	29946622
1896	rs2975048	6	29946234
1904	rs2975049	6	29946180
1912	rs2975050	6	29946040
1920	rs2975051	6	29945957
1928	rs2975059	6	29944717
1936	rs3016022	6	29946635
1944	rs3049086	6	41077541
1945	rs3115636	6	29955644
1953	rs3128983	6	31390139
1958	rs3131115	6	30501014
1965	rs3215526	6	41102557
1966	rs3830787	6	41078481
1967	rs3998115	6	33817056
1968	rs4140578	6	41074090
1969	rs4140579	6	41074013
1970	rs4140580	6	41074003
1971	rs4141168	6	31276051
1978	rs546277355	6	41028938
1979	rs546740055	6	27481820
1980	rs542194718	6	28074447
1981	rs563786608	6	29928370
1988	rs12699924	7	17970768
1989	rs12699925	7	17971039
1990	rs12699926	7	17971155
1991	rs12699927	7	17972129
1992	rs12699928	7	17972199
1993	rs12699929	7	17972634
1994	rs12699930	7	17972635
1995	rs12699931	7	17973670
1996	rs12699932	7	17973704
1997	rs12699934	7	17986396
1998	rs13221486	7	17983850
1999	rs13222153	7	17984529
2000	rs13222253	7	17984593
2001	rs13230836	7	17974272
2002	rs13245422	7	17976352
2003	rs3214204	7	21544684
2004	rs4721677	7	17978788
2005	rs6461577	7	21545473
2006	rs6943133	7	17985425
2007	rs6943454	7	17985543
2008	rs6947751	7	17985800
2009	rs6947763	7	17985817
2010	rs6955337	7	17974951
2011	rs2011813	7	21540282
2012	rs2011814	7	21540290
2013	rs2285943	7	21543345
2014	rs2285944	7	21543346
2015	rs2285946	7	21543711
2016	rs2285947	7	21544470
2017	rs2285948	7	21544611
2018	rs2285949	7	21544625
2019	rs2285950	7	21544814
2020	rs10258022	7	21544049
2021	rs10275354	7	21540981
2022	rs10428925	7	17969582
2023	rs10429191	7	17969474
2024	rs11535159	7	17970686
2025	rs11535160	7	17982619
2026	rs11536426	7	17984601
2027	rs11543650	7	17970257
2028	rs11560253	7	17982637
2029	rs11561813	7	17984768
2030	rs12154596	7	17986681
2031	rs58962877	7	21540994
2032	rs62446919	7	17984310
2033	rs6966083	7	17976921
2034	rs6970597	7	21543901
2035	rs6970985	7	21543979
2036	rs10228845	7	21543999
2037	rs10229224	7	21544303
2038	rs1045531	8	142682129
2039	rs1045547	8	142682339
2040	rs1045574	8	142682540
2041	rs1045605	8	142682683
2042	rs28427138	8	142614680
2043	rs28451207	8	142616123
2044	rs28489307	8	142614873
2045	rs28532766	8	142606147
2046	rs28675879	8	142606352
2047	rs28686812	8	142613414
2048	rs28734952	8	142614719
2049	rs34635647	8	142675472
2050	rs34926878	8	142604932
2051	rs10087300	8	142605315
2052	rs10105842	8	142590254
2053	rs10110456	8	142609472
2054	rs10216533	8	142682272
2055	rs10674898	8	142698844
2056	rs2234911	8	142613783
2057	rs2294008	8	142680513
2058	rs2294010	8	142681012
2059	rs2572896	8	142699640
2060	rs2572910	8	142688717
2061	rs2585176	8	142696963
2062	rs2585177	8	142695299
2063	rs2585179	8	142692775
2064	rs2585181	8	142690296
2065	rs2585183	8	142684641
2066	rs2717562	8	142695250
2067	rs2717608	8	142690294
2068	rs2717609	8	142687834
2069	rs2920279	8	142680717
2070	rs2920280	8	142679726
2071	rs2920281	8	142679026
2072	rs2920282	8	142676345
2073	rs2920283	8	142675619
2074	rs2920284	8	142675501
2075	rs2920285	8	142674800
2076	rs2920286	8	142673310
2077	rs2920292	8	142684281
2078	rs2920293	8	142683996
2079	rs2920294	8	142683908
2080	rs2920295	8	142683519
2081	rs2920296	8	142681691
2082	rs2920297	8	142681665
2083	rs2920298	8	142681625
2084	rs2976384	8	142671576
2085	rs2976385	8	142674008
2086	rs2976386	8	142675991
2087	rs2976387	8	142677946
2088	rs2976388	8	142678838
2089	rs2976389	8	142679003
2090	rs2976392	8	142681514
2091	rs2976393	8	142682200
2092	rs2976394	8	142682204
2093	rs2976395	8	142682332
2094	rs2976396	8	142682583
2095	rs2976397	8	142683195
2096	rs2976398	8	142683461
2097	rs2978977	8	142674302
2098	rs2978978	8	142675112
2099	rs2978979	8	142675868
2100	rs2978980	8	142676290
2101	rs2978981	8	142677719
2102	rs2978982	8	142682072
2103	rs60970334	8	142602804
2104	rs66671632	8	142599411
2105	rs67544367	8	142587285
2106	rs67757444	8	142695298
2107	rs11413827	8	142679419
2108	rs11775036	8	36806000
2109	rs11784604	8	142678723
2110	rs11786719	8	142678729
2111	rs11786721	8	142678761
2112	rs12544773	8	142608061
2113	rs12547713	8	142608046
2114	rs12680428	8	142606642
2115	rs13249440	8	142675474
2116	rs13252264	8	142678750
2117	rs13256647	8	142675477
2118	rs13260813	8	142611034
2119	rs13273921	8	142608074
2120	rs13274202	8	142678748
2121	rs13276754	8	142604319
2122	rs16885417	8	36801396
2123	rs16885494	8	36839761
2124	rs35464379	8	142698205
2125	rs36044474	8	142610965
2126	rs56997568	8	142590109
2127	rs58105878	8	142606777
2128	rs5895729	8	142691937
2129	rs7012709	8	142602884
2130	rs372173246	8	142678701
2131	rs200645096	8	142695301
2132	rs343469	9	6046486
2133	rs343471	9	6043593
2134	rs343480	9	6023030
2135	rs343482	9	6024347
2136	rs343483	9	6024904
2137	rs402872	9	6038487
2138	rs404267	9	6021181
2139	rs419595	9	6030917
2140	rs451361	9	6049892
2141	rs459718	9	6030699
2142	rs460564	9	6033078
2143	rs495828	9	133279294
2145	rs507666	9	133273983
2147	rs532436	9	133274414
2149	rs550057	9	133271182
2151	rs579459	9	133278724
2153	rs600038	9	133276354
2155	rs635634	9	133279427
2157	rs649129	9	133278860
2159	rs651007	9	133278431
2161	rs670167	9	6041414
2162	rs1418740	9	5887533
2163	rs10491697	9	2177492
2164	rs10711851	9	133247532
2166	rs10733517	9	5883409
2167	rs10733518	9	5901858
2168	rs10815301	9	5886987
2169	rs10815302	9	5887074
2170	rs11789171	9	133247101
2172	rs11789207	9	133247331
2174	rs6597616	9	133247439
2176	rs6597617	9	133247440
2178	rs7019606	9	5884520
2179	rs7023098	9	2174729
2180	rs7025839	9	133248803
2182	rs7026958	9	6062033
2183	rs7034210	9	5895854
2184	rs7042947	9	5898109
2185	rs7047076	9	133249942
2187	rs117762890	9	6071037
2188	rs117980120	9	6133656
2189	rs148941455	9	96673459
2190	rs149867846	9	6109395
2191	rs143031920	9	96682458
2192	rs143391176	9	5893907
2193	rs144026716	9	6054647
2194	rs145354774	9	6020996
2195	rs113943027	9	6058894
2196	rs115263613	9	6056424
2197	rs115265013	9	6092645
2198	rs115478735	9	133274295
2200	rs116190905	9	6085591
2201	rs140433519	9	6060376
2202	rs141266360	9	5937135
2203	rs186670880	9	133246727
2205	rs56705560	9	6064283
2206	rs57163723	9	6103379
2207	rs57799449	9	6036492
2208	rs58595478	9	6118914
2209	rs12115682	9	96675052
2210	rs13302455	9	6083735
2211	rs34266669	9	133251108
2213	rs199969472	9	133251111
2215	rs200154179	9	5946818
2216	rs200534051	9	6056426
2217	rs1478940	9	6068048
2218	rs2225469	9	5885520
2219	rs2519093	9	133266456
2221	rs4363269	9	133248453
2223	rs145628475	9	5883933
2224	rs145680980	9	6095086
2225	rs111475821	9	96686952
2226	rs111566565	9	6136773
2227	rs112062232	9	6054655
2228	rs112270909	9	6108017
2229	rs112365653	9	6056768
2230	rs112401165	9	133246728
2232	rs112438363	9	96687949
2233	rs112487263	9	6050451
2234	rs112957381	9	6048900
2235	rs113090924	9	96684250
2236	rs113234110	9	6093332
2237	rs113320354	9	6135935
2238	rs113630117	9	6095640
2239	rs113742167	9	6053409
2240	rs1208783	10	37478539
2241	rs1208784	10	37479505
2242	rs1208789	10	37433544
2243	rs1208796	10	37466652
2244	rs4934856	10	37518919
2245	rs6583934	10	94309648
2246	rs6583935	10	94313568
2247	rs6583937	10	94323695
2248	rs7074125	10	94329636
2249	rs7084339	10	94283975
2250	rs7084988	10	94349085
2251	rs7085378	10	94349568
2252	rs7092226	10	94352476
2253	rs7094783	10	94321380
2254	rs7096037	10	94329950
2255	rs7096678	10	94309451
2256	rs7096883	10	94309392
2257	rs7099485	10	94305937
2258	rs7100430	10	94362786
2259	rs7100626	10	94309917
2260	rs7100870	10	94363069
2261	rs10509670	10	94308190
2262	rs10509671	10	94309297
2263	rs10786161	10	94347914
2264	rs10882416	10	94285297
2265	rs10882422	10	94313806
2266	rs10882424	10	94326321
2267	rs10882430	10	94330915
2268	rs10882435	10	94348110
2269	rs10882436	10	94349043
2270	rs10882437	10	94362073
2271	rs11187837	10	94276223
2272	rs11187840	10	94290594
2273	rs11187842	10	94292754
2274	rs11187844	10	94296872
2275	rs11187845	10	94300441
2276	rs11187847	10	94303683
2277	rs11187850	10	94308723
2278	rs11187851	10	94310118
2279	rs11187852	10	94310375
2280	rs11187853	10	94312471
2281	rs11187856	10	94317112
2282	rs11187863	10	94321700
2283	rs11187864	10	94322749
2284	rs11187866	10	94326234
2285	rs11187869	10	94327740
2286	rs11187870	10	94328109
2287	rs11187876	10	94330382
2288	rs11187877	10	94332364
2289	rs11187881	10	94335697
2290	rs11187882	10	94336104
2291	rs11187883	10	94337109
2292	rs11187890	10	94343001
2293	rs11187893	10	94346222
2294	rs11187894	10	94346268
2295	rs11187895	10	94346483
2296	rs11187897	10	94346846
2297	rs11187899	10	94348345
2298	rs11187900	10	94348607
2299	rs11187901	10	94355251
2300	rs11383344	10	94349722
2301	rs11558740	10	94333618
2302	rs12217597	10	94351055
2303	rs12217792	10	94302629
2304	rs12220091	10	94293932
2305	rs12220125	10	94315182
2306	rs12241122	10	94340999
2307	rs12263737	10	94285156
2308	rs12773229	10	94360125
2309	rs12780491	10	94361265
2310	rs12781451	10	94324163
2311	rs1938417	10	37398592
2312	rs1964862	10	37538144
2313	rs2274223	10	94306584
2314	rs2475206	10	37513604
2315	rs2505707	10	37512326
2316	rs3215794	10	94313117
2317	rs3740359	10	94340362
2318	rs3740360	10	94265734
2319	rs3740365	10	94293482
2320	rs3765524	10	94298541
2321	rs3781264	10	94310618
2322	rs3781265	10	94303522
2323	rs3781266	10	94292990
2324	rs3818432	10	94304411
2325	rs3831084	10	94324616
2326	rs140311370	10	94301863
2327	rs138437339	10	94335515
2328	rs139024109	10	94339355
2329	rs58783042	10	94289952
2330	rs201053600	10	94313752
2331	rs200197176	10	94296207
2332	rs17109875	10	94266818
2333	rs17516904	10	94307485
2334	rs17517368	10	94330140
2335	rs17517578	10	94338616
2336	rs34206974	10	37412242
2337	rs34235039	10	94325616
2338	rs34469487	10	37443094
2339	rs34689035	10	94325618
2340	rs34820406	10	37447626
2341	rs36027832	10	94340996
2342	rs555911333	10	37499014
2343	rs606799	11	71897536
2344	rs10791288	11	133249608
2345	rs10792895	11	71779980
2346	rs10792896	11	71780006
2347	rs10792901	11	71783579
2348	rs10792902	11	71783609
2349	rs10792907	11	71791485
2350	rs10792941	11	71813691
2351	rs10792949	11	71820547
2352	rs10792953	11	71822394
2353	rs10898562	11	71775574
2354	rs10898577	11	71783101
2355	rs10898581	11	71784435
2356	rs10898582	11	71784466
2357	rs10898583	11	71784654
2358	rs10898585	11	71785198
2359	rs10898615	11	71797456
2360	rs10898617	11	71798736
2361	rs10898649	11	71808456
2362	rs10898678	11	71816849
2363	rs10898811	11	71920079
2364	rs11223415	11	133260375
2365	rs11223417	11	133266196
2366	rs11223425	11	133274081
2367	rs11234811	11	71759364
2368	rs11234828	11	71765731
2369	rs11234868	11	71771128
2370	rs11234924	11	71784519
2371	rs11234938	11	71787088
2372	rs11234942	11	71787648
2373	rs11234943	11	71787834
2374	rs11234944	11	71787856
2375	rs11234997	11	71796842
2376	rs11235058	11	71807791
2377	rs11235176	11	71830889
2378	rs11393496	11	133306596
2379	rs11606044	11	71808833
2380	rs1783958	11	71884914
2381	rs1814921	11	71788147
2382	rs1814922	11	71788234
2383	rs1815781	11	133290591
2384	rs1941210	11	133264758
2385	rs1941217	11	133277504
2386	rs1941220	11	133284546
2387	rs1954844	11	133259460
2388	rs2000606	11	133299948
2389	rs2005541	11	71812424
2390	rs2040301	11	71785075
2391	rs2155536	11	133305724
2392	rs2186825	11	133306550
2393	rs2212516	11	133304613
2394	rs3750915	11	71800879
2395	rs3750916	11	71800823
2396	rs3841753	11	71818026
2397	rs3891415	11	71765014
2398	rs3931639	11	71784795
2399	rs3931640	11	71784760
2400	rs3935051	11	71839669
2401	rs3935309	11	71793429
2402	rs4080974	11	71788160
2403	rs4080975	11	71788184
2404	rs4081492	11	71789032
2405	rs4081496	11	71788709
2406	rs4081498	11	71788579
2407	rs4245458	11	71810332
2408	rs4294570	11	133294917
2409	rs4309179	11	71758292
2410	rs4316538	11	71809977
2411	rs4424678	11	133282406
2412	rs4460835	11	71792062
2413	rs4578395	11	133242868
2414	rs4584584	11	133294880
2415	rs4937764	11	133290883
2416	rs4944174	11	71749529
2417	rs4944191	11	71790098
2418	rs4944192	11	71797894
2419	rs4945208	11	71750345
2420	rs4945225	11	71767287
2421	rs4945246	11	71780938
2422	rs4945247	11	71780942
2423	rs4945296	11	71830027
2424	rs4945298	11	71830329
2425	rs4945299	11	71830391
2426	rs12270466	11	71787545
2427	rs12277291	11	71787602
2428	rs12283300	11	71787555
2429	rs12283346	11	71787625
2430	rs12285436	11	71837419
2431	rs12285495	11	71837474
2432	rs12364464	11	71770700
2433	rs12418197	11	71787341
2434	rs12418466	11	71787128
2435	rs12418467	11	71787134
2436	rs12418469	11	71787178
2437	rs12418483	11	71787245
2438	rs12786196	11	71787454
2439	rs12786239	11	71787516
2440	rs12787265	11	71787302
2441	rs12787289	11	71787317
2442	rs12788252	11	71787365
2443	rs12788471	11	71787521
2444	rs12793051	11	71787308
2445	rs12800672	11	71831218
2446	rs6421705	11	71766252
2447	rs6421706	11	71766289
2448	rs6590683	11	133240466
2449	rs6590684	11	133264099
2450	rs6590685	11	133299673
2451	rs6592319	11	71769901
2452	rs6592322	11	71776463
2453	rs6592323	11	71777775
2454	rs6592326	11	71781572
2455	rs7102285	11	71784326
2456	rs7104538	11	71807026
2457	rs10736775	11	71815080
2458	rs117977426	11	87944873
2460	rs150768020	11	71787420
2461	rs140717803	11	71787419
2462	rs141928249	11	87936980
2464	rs147647009	11	71838012
2465	rs61889032	11	71809160
2466	rs61889033	11	71809165
2467	rs61912376	11	133288646
2468	rs61912377	11	133290088
2469	rs34434286	11	133244702
2470	rs34497047	11	71825335
2471	rs34924984	11	71766947
2472	rs35755503	11	71840533
2473	rs537970608	11	88031632
2475	rs376275669	11	71803602
2476	rs574877247	11	87903273
2477	rs1456152	12	58797056
2478	rs11065878	12	111372107
2479	rs11172724	12	58789527
2480	rs11172733	12	58812181
2481	rs11172736	12	58813084
2482	rs10219736	12	111350598
2483	rs10774621	12	111379563
2484	rs10849937	12	111354623
2485	rs10849939	12	111373800
2486	rs10849940	12	111375552
2487	rs3742004	12	111360749
2488	rs6490061	12	111335541
2489	rs141163407	12	58826935
2490	rs12371471	12	58787286
2491	rs12423926	12	111343251
2492	rs17121482	12	58806190
2493	rs28877654	12	111345375
2494	rs114199577	12	58821554
2495	rs116134281	12	58773811
2496	rs199883248	12	58790054
2497	rs60759922	12	58811201
2498	rs61164447	12	58811214
2499	rs61221959	12	58803214
2500	rs143603281	12	58790054
2501	rs143780530	12	58798176
2502	rs144104923	12	58780232
2503	rs139655950	12	58783650
2504	rs145697413	12	58785029
2505	rs57473459	12	58803325
2506	rs61291112	13	79669986
2507	rs61342959	13	79612680
2508	rs17071512	13	79487882
2509	rs17071545	13	79515979
2510	rs17071755	13	79676894
2511	rs375852527	13	81280737
2512	rs386958	14	36001501
2513	rs395628	14	36001144
2514	rs402803	14	35992029
2515	rs563523781	14	96266018
2516	rs11848824	14	36006171
2517	rs11851309	14	36008748
2518	rs11852100	14	36008840
2519	rs17103766	14	36000358
2520	rs17103778	14	36004940
2521	rs189358636	14	96275234
2522	rs137868606	14	96134046
2523	rs528221782	14	96079193
2524	rs186101618	14	96370512
2525	rs1453183	15	40570731
2526	rs1901774	15	40505006
2527	rs2053973	15	40486477
2528	rs2123534	15	40522125
2529	rs2412524	15	40501062
2530	rs3213999	15	40485446
2531	rs3743146	15	40557850
2532	rs3803353	15	40565041
2533	rs4457966	15	40631914
2534	rs141107350	15	31004873
2536	rs141118833	15	40498501
2537	rs147088623	15	40543141
2538	rs148397497	15	40540353
2539	rs10851396	15	40568720
2540	rs11070279	15	40568747
2541	rs11070280	15	40568841
2542	rs11287205	15	40555874
2543	rs11299163	15	40535611
2544	rs11852479	15	40626628
2545	rs11852527	15	40504151
2546	rs11853942	15	40545339
2547	rs11855517	15	40674232
2548	rs11857247	15	40536723
2549	rs11857509	15	40545337
2550	rs12899408	15	40582643
2551	rs12907448	15	40617269
2552	rs12907984	15	40605388
2553	rs12908114	15	40567078
2554	rs12908443	15	40647950
2555	rs12908867	15	40575257
2556	rs12914501	15	40576270
2557	rs12915563	15	40556090
2558	rs12916323	15	40534831
2559	rs17746659	15	40567752
2560	rs17747399	15	40617498
2561	rs61048252	15	40523082
2562	rs62018030	15	40477121
2563	rs62018032	15	40486065
2564	rs62018033	15	40486067
2565	rs62018046	15	40514307
2566	rs62018048	15	40522939
2567	rs62018051	15	40527408
2568	rs62019866	15	40561724
2569	rs62019883	15	40588140
2570	rs62019934	15	40677442
2571	rs113660317	15	40524282
2572	rs34303240	15	40578696
2573	rs34750756	15	40545673
2574	rs34849386	15	40579180
2575	rs34978240	15	40474776
2576	rs35030447	15	40486518
2577	rs35884042	15	40598873
2578	rs35920072	15	40577910
2579	rs36094699	15	40670923
2580	rs36122190	15	40479619
2581	rs36124780	15	40483493
2582	rs55954396	15	40578100
2583	rs56384845	15	40579512
2584	rs56949736	15	40483562
2585	rs201475085	15	40486064
2586	rs1019797	16	87755080
2587	rs1126889	16	11968053
2588	rs1599801	16	87734711
2589	rs2012475	16	87727208
2590	rs2115397	16	87751344
2591	rs2303771	16	87755258
2592	rs3751730	16	87750490
2593	rs3850997	16	11949655
2594	rs3862446	16	11965879
2595	rs4264398	16	87758890
2596	rs4354949	16	87750777
2597	rs4843700	16	87768327
2598	rs11117295	16	87755974
2599	rs11399780	16	87753433
2600	rs11570136	16	11964975
2601	rs12597429	16	11968539
2602	rs12599145	16	87757829
2603	rs12918318	16	87752637
2604	rs12918759	16	87752615
2605	rs12935478	16	87752705
2606	rs187718717	16	19655300
2607	rs111457123	16	87757369
2608	rs111803868	16	87757005
2609	rs199636799	16	11936151
2610	rs200295949	16	87749572
2611	rs117430025	16	19569299
2612	rs117897540	16	19514683
2613	rs118111268	16	19586634
2614	rs138662905	16	19591647
2615	rs140390768	16	19564650
2616	rs140429772	16	19559046
2617	rs142524238	16	19443202
2618	rs113542863	16	11968056
2619	rs113814496	16	11936020
2620	rs184466930	16	19440824
2621	rs145941896	16	19650833
2622	rs146783527	16	19449699
2623	rs17781978	16	87754568
2624	rs35063476	16	11950444
2625	rs35567734	16	87757049
2626	rs35999779	16	87758902
2627	rs55732651	16	11970854
2628	rs56002830	16	87763495
2629	rs58631586	16	11974480
2630	rs58656260	16	87754746
2631	rs66767559	16	87755985
2632	rs181938764	16	19380974
2633	rs17138476	17	37715597
2635	rs17138478	17	37713312
2637	rs125025	18	64027897
2638	rs213083	18	64062052
2639	rs213084	18	64061487
2640	rs213086	18	64054424
2641	rs213090	18	64053873
2642	rs213092	18	64053337
2643	rs213093	18	64052937
2644	rs213094	18	64051496
2645	rs213095	18	64051028
2646	rs213096	18	64050116
2647	rs213097	18	64049960
2648	rs213098	18	64049667
2649	rs213099	18	64049249
2650	rs213100	18	64049119
2651	rs213102	18	64045734
2652	rs213103	18	64045399
2653	rs213107	18	64043325
2654	rs213110	18	64043282
2655	rs213120	18	64038142
2656	rs213121	18	64038133
2657	rs213122	18	64031587
2658	rs503051	18	64065474
2659	rs515596	18	45752606
2660	rs657920	18	46009027
2661	rs680190	18	45977351
2662	rs1123335	18	45674908
2663	rs1400569	18	64031057
2664	rs1400574	18	64064175
2665	rs1400575	18	64065212
2666	rs1517165	18	64033797
2667	rs1517167	18	64071642
2668	rs1517168	18	64071790
2669	rs1517169	18	64071805
2670	rs1589062	18	64059528
2671	rs1607150	18	64069315
2672	rs1809299	18	64070395
2673	rs1829204	18	64063801
2674	rs1984359	18	64081633
2675	rs2051420	18	64056255
2676	rs2051421	18	64055894
2677	rs2162349	18	64064340
2678	rs2590396	18	64093585
2679	rs2590397	18	64091760
2680	rs2590398	18	64088039
2681	rs2590404	18	64073364
2682	rs2590405	18	64073896
2683	rs2613658	18	64098805
2684	rs2613659	18	64098253
2685	rs2613660	18	64097295
2686	rs2613661	18	64093655
2687	rs2613662	18	64078822
2688	rs2676667	18	64089766
2689	rs2676668	18	64096251
2690	rs2676669	18	64098344
2691	rs2849301	18	64073056
2692	rs2849302	18	64072411
2693	rs2849304	18	64074555
2694	rs2849308	18	64083824
2695	rs2849309	18	64081327
2696	rs2849310	18	64075425
2697	rs2850685	18	64093648
2698	rs2850688	18	64099893
2699	rs2850708	18	64074552
2700	rs2850714	18	64099742
2701	rs2850717	18	64094306
2702	rs2850718	18	64093194
2703	rs2850719	18	64092547
2704	rs2850720	18	64090585
2705	rs4147308	18	64072280
2706	rs4147309	18	64072189
2707	rs4281818	18	64057139
2708	rs4377244	18	64057030
2709	rs4386228	18	64055835
2710	rs4404173	18	64057020
2711	rs4410186	18	64057303
2712	rs181807609	18	45703600
2713	rs182253650	18	45907363
2714	rs138833488	18	45915111
2715	rs139388438	18	45922072
2716	rs139466004	18	45723824
2717	rs140631927	18	45936623
2718	rs140686396	18	45757930
2719	rs140939507	18	45726046
2720	rs141175493	18	45883660
2721	rs141432738	18	45875992
2722	rs141475442	18	45940494
2723	rs141765450	18	64066411
2724	rs141967569	18	45752671
2725	rs141974537	18	45740744
2726	rs141976220	18	45817246
2727	rs142396563	18	45671560
2728	rs142588712	18	45937415
2729	rs142907200	18	45841473
2730	rs143143379	18	45959532
2731	rs143892591	18	45823563
2732	rs143982101	18	45834259
2733	rs144034960	18	45707473
2734	rs144124088	18	45786019
2735	rs144204503	18	45656111
2736	rs144680482	18	45821410
2737	rs146396141	18	45733403
2738	rs146707363	18	45831655
2739	rs146799629	18	45907026
2740	rs146825182	18	45846931
2741	rs146907253	18	45788073
2742	rs533114460	18	45924027
2743	rs533375149	18	64057774
2744	rs534493650	18	45671936
2745	rs537306174	18	45737039
2746	rs4520931	18	64057296
2747	rs4564691	18	64057377
2748	rs4566279	18	64057475
2749	rs4940605	18	64055276
2750	rs4940606	18	64057821
2751	rs4940607	18	64057853
2752	rs4940608	18	64057854
2753	rs4940609	18	64057999
2754	rs4941239	18	64058078
2755	rs4941240	18	64070901
2756	rs6567410	18	64042717
2757	rs6567411	18	64046068
2758	rs6567412	18	64056811
2759	rs6567413	18	64057591
2760	rs10871809	18	64060497
2761	rs10871810	18	64063437
2762	rs10871811	18	64063459
2763	rs11152413	18	64058132
2764	rs11152414	18	64058193
2765	rs11152415	18	64058198
2766	rs11152416	18	64058306
2767	rs11152417	18	64058448
2768	rs11152418	18	64061612
2769	rs185650562	18	45866364
2770	rs188062763	18	45796863
2771	rs188959288	18	45779026
2772	rs572330200	18	45843509
2773	rs192686196	18	45949399
2774	rs193247363	18	45677376
2775	rs200022553	18	45927614
2776	rs200685233	18	45839267
2777	rs200800336	18	45654279
2778	rs201729510	18	45742091
2779	rs201880574	18	45872075
2780	rs113902994	18	45763894
2781	rs114129467	18	45687539
2782	rs114299617	18	45851660
2783	rs114316778	18	45774407
2784	rs114354899	18	45854300
2785	rs114396511	18	45852962
2786	rs114484269	18	45856740
2787	rs114523378	18	45852197
2788	rs114539009	18	45774032
2789	rs114665741	18	45866903
2790	rs114705782	18	45824953
2791	rs114758942	18	45825453
2792	rs114918320	18	45862366
2793	rs115039531	18	45886953
2794	rs115102762	18	45924274
2795	rs115347543	18	45774090
2796	rs115423261	18	45769852
2797	rs115533345	18	45885060
2798	rs115749934	18	45701427
2799	rs115778837	18	45729502
2800	rs115836307	18	45883507
2801	rs115883994	18	45741036
2802	rs115941453	18	45708583
2803	rs116468378	18	45861459
2804	rs116469299	18	45854013
2805	rs116586544	18	45853773
2806	rs116689106	18	45838025
2807	rs116781278	18	45862688
2808	rs116831705	18	45876780
2809	rs138304798	18	45661215
2810	rs147160038	18	45758920
2811	rs147233106	18	45819699
2812	rs148922875	18	45763386
2813	rs148945906	18	45725444
2814	rs149165232	18	45915004
2815	rs149275302	18	45808983
2816	rs149449247	18	45963465
2817	rs150502798	18	45723817
2818	rs111434850	18	45779304
2819	rs112828666	18	45792366
2820	rs112834882	18	45738959
2821	rs113029149	18	45731089
2822	rs113578396	18	45730348
2823	rs564845809	18	45696346
2824	rs565337802	18	45796085
2825	rs567766626	18	45982626
2826	rs568766978	18	45650962
2827	rs35428120	18	64066084
2828	rs35471078	18	64071316
2829	rs56167340	18	64068291
2830	rs62101836	18	64058610
2831	rs62652440	18	64062876
2832	rs62652441	18	64062908
2833	rs11872249	18	64040619
2834	rs11872710	18	45970769
2835	rs11872746	18	45970853
2836	rs11872802	18	45970841
2837	rs11873365	18	45918091
2838	rs11875230	18	45883694
2839	rs11877682	18	45831894
2840	rs12455354	18	64058918
2841	rs12455880	18	64058978
2842	rs12457830	18	64058885
2843	rs16978442	18	45670443
2844	rs16978451	18	45683844
2845	rs16978476	18	45738768
2846	rs16978492	18	45767924
2847	rs16978505	18	45976692
2848	rs28366995	18	45976543
2849	rs28372661	18	45976482
2850	rs28410141	18	45715362
2851	rs28438661	18	45929273
2852	rs28460769	18	45881855
2853	rs28461979	18	45950378
2854	rs28479138	18	45886805
2855	rs28483450	18	45957179
2856	rs28504009	18	45976366
2857	rs28563782	18	45976308
2858	rs28605020	18	45857760
2859	rs28669237	18	45886571
2860	rs28698347	18	45887519
2861	rs28708854	18	45924041
2862	rs28757795	18	45933974
2863	rs28898876	18	45737799
2864	rs28898879	18	45738010
2865	rs28898881	18	45738267
2866	rs28898882	18	45738605
2867	rs28898887	18	45740924
2868	rs28898895	18	45746825
2869	rs28994273	18	45726934
2870	rs28994285	18	45729380
2871	rs28994287	18	45731166
2872	rs28994295	18	45732249
2873	rs34018547	18	64095459
2874	rs34046253	18	64053161
2875	rs34674177	18	45876331
2876	rs34921406	18	64058271
2877	rs35051851	18	64053141
2878	rs182500	20	31455288
2879	rs215912	20	31451596
2880	rs709045	20	31377211
2881	rs1018403	20	31302677
2882	rs1018404	20	31302193
2883	rs1018405	20	31301965
2884	rs1018406	20	31301905
2885	rs1075852	20	31441169
2886	rs1080568	20	31277413
2887	rs1117729	20	31282519
2888	rs1474668	20	31320264
2889	rs1474945	20	31258599
2890	rs1555073	20	31328234
2891	rs1884743	20	31272495
2892	rs1980582	20	31274572
2893	rs1997740	20	31323232
2894	rs2056989	20	31404448
2895	rs2076373	20	31412316
2896	rs2076374	20	31287655
2897	rs2076375	20	31287179
2898	rs2076376	20	31287026
2899	rs2143190	20	31316978
2900	rs2143191	20	31393067
2901	rs2145063	20	31234613
2902	rs2145077	20	31430693
2903	rs2145078	20	31430739
2904	rs2145079	20	31434989
2905	rs2179428	20	31310682
2906	rs2180556	20	31234751
2907	rs2180566	20	31431051
2908	rs2206379	20	31310102
2909	rs2206380	20	31295546
2910	rs2206381	20	31390413
2911	rs2206382	20	31382734
2912	rs2206383	20	31378559
2913	rs2223524	20	31295884
2914	rs2223527	20	31378472
2915	rs2223528	20	31350259
2916	rs2273468	20	31449980
2917	rs2281554	20	31444171
2918	rs2295500	20	31389353
2919	rs2295501	20	31389483
2920	rs2376536	20	31217474
2921	rs2376538	20	31246565
2922	rs2376539	20	31254114
2923	rs2376543	20	31288969
2924	rs2376546	20	31309227
2925	rs2376547	20	31321154
2926	rs2376548	20	31407002
2927	rs2376549	20	31411284
2928	rs2376858	20	31415547
2929	rs2376859	20	31430302
2930	rs2376860	20	31430303
2931	rs2376861	20	31456039
2932	rs2889410	20	31254054
2933	rs2889413	20	31397748
2934	rs3068507	20	31415649
2935	rs3068536	20	31438824
2936	rs6119325	20	31234918
2937	rs6119716	20	31221199
2938	rs6120006	20	31232375
2939	rs6120102	20	31397194
2940	rs6120575	20	31246095
2941	rs6133793	20	10096148
2942	rs6133794	20	10096212
2943	rs6141363	20	31234314
2944	rs6141372	20	31235766
2945	rs6141407	20	31238958
2946	rs6141536	20	31255379
2947	rs6141633	20	31225834
2948	rs6141643	20	31226315
2949	rs6141754	20	31229693
2950	rs6141789	20	31363881
2951	rs6141826	20	31232012
2952	rs6141875	20	31398486
2953	rs6141886	20	31235418
2954	rs6141934	20	31430143
2955	rs6141980	20	31448066
2956	rs6141982	20	31239349
2957	rs6142150	20	31247355
2958	rs6142220	20	31250368
2959	rs6142241	20	31251536
2960	rs6142593	20	31216883
2961	rs6142623	20	31217010
2962	rs6142639	20	31226062
2963	rs10606159	20	31439646
2964	rs10622834	20	31255835
2965	rs10626065	20	31398448
2966	rs10712827	20	31413701
2967	rs11167159	20	31321457
2968	rs11167161	20	31322468
2969	rs11167202	20	31424236
2970	rs11292378	20	31456330
2971	rs11448501	20	31366055
2972	rs11472851	20	31352141
2973	rs11476868	20	31312002
2974	rs11480359	20	31445540
2975	rs11481445	20	31356763
2976	rs11696519	20	31241194
2977	rs11697644	20	41224545
2978	rs12151893	20	31224454
2979	rs12480259	20	31396659
2980	rs12481529	20	31223348
2981	rs13041258	20	31426398
2982	rs3761199	20	31474653
2983	rs4142627	20	31304935
2984	rs4243975	20	31249025
2985	rs4300919	20	31388562
2986	rs4333000	20	31270644
2987	rs4516511	20	31266987
2988	rs4525766	20	31274100
2989	rs4911099	20	31229344
2990	rs4911120	20	31417929
2991	rs4911121	20	31421048
2992	rs4911189	20	31275285
2993	rs4911190	20	31222254
2994	rs4911191	20	31279785
2995	rs4911194	20	31286154
2996	rs4911202	20	31316342
2997	rs4911203	20	31318111
2998	rs4911204	20	31318384
2999	rs4911211	20	31226653
3000	rs4911212	20	31226816
3001	rs4911213	20	31226853
3002	rs4911218	20	31227168
3003	rs4911219	20	31227229
3004	rs4911239	20	31229404
3005	rs4911266	20	31375181
3006	rs4911267	20	31375182
3007	rs4911274	20	31381060
3008	rs4911289	20	31397711
3009	rs4911294	20	31398278
3010	rs4911299	20	31400806
3011	rs4911300	20	31404272
3012	rs4911301	20	31404276
3013	rs4911306	20	31416852
3014	rs4911328	20	31428591
3015	rs4911329	20	31428640
3016	rs4911336	20	31431890
3017	rs4911337	20	31433355
3018	rs4911338	20	31433568
3019	rs4911340	20	31436139
3020	rs4911432	20	31249447
3021	rs4911482	20	31255925
3022	rs4911529	20	31272895
3023	rs4911530	20	31273130
3024	rs4911531	20	31273476
3025	rs4911555	20	31311405
3026	rs4911557	20	31314670
3027	rs5001275	20	31307873
3028	rs5841068	20	31289352
3029	rs5841071	20	31323265
3030	rs6032789	20	10096627
3031	rs6039694	20	10098417
3032	rs6039695	20	10098748
3033	rs6039697	20	10100148
3034	rs6057576	20	31335143
3035	rs6057649	20	31372655
3036	rs6057678	20	31233141
3037	rs6057702	20	31233841
3038	rs6057704	20	31394467
3039	rs6057721	20	31400082
3040	rs6057740	20	31408728
3041	rs6057817	20	31422600
3042	rs6057850	20	31434644
3043	rs6057860	20	31238494
3044	rs6057869	20	31450945
3045	rs6057963	20	31243705
3046	rs6058066	20	31248651
3047	rs6058399	20	31220895
3048	rs6058481	20	31282929
3049	rs6058484	20	31284103
3050	rs6058485	20	31284492
3051	rs6058507	20	31294348
3052	rs6058515	20	31298683
3053	rs6058521	20	31299998
3054	rs6058531	20	31307565
3055	rs6058538	20	31310824
3056	rs6058539	20	31310831
3057	rs6058591	20	31319502
3058	rs6058594	20	31319875
3059	rs6058782	20	31359165
3060	rs6058905	20	31232051
3061	rs6058911	20	31232230
3062	rs6058918	20	31378039
3063	rs6058938	20	31380565
3064	rs6059065	20	31398529
3065	rs6059081	20	31234768
3066	rs6059090	20	31234829
3067	rs6059128	20	31407647
3068	rs6059182	20	31415332
3069	rs6059238	20	31236615
3070	rs6059244	20	31422680
3071	rs6059263	20	31425231
3072	rs6059309	20	31433053
3073	rs6059332	20	31238230
3074	rs6059335	20	31437875
3075	rs6059379	20	31449296
3076	rs6059390	20	31454230
3077	rs6059559	20	31242943
3078	rs6059667	20	31218962
3079	rs6059670	20	31244779
3080	rs6059724	20	31245806
3081	rs6059891	20	31219376
3082	rs6059955	20	31249950
3083	rs6059977	20	31250392
3084	rs6060006	20	31250783
3085	rs6060056	20	31251690
3086	rs6060100	20	31219727
3087	rs6060251	20	31254818
3088	rs6061026	20	31285278
3089	rs6061081	20	31294405
3090	rs6061094	20	31224063
3091	rs6061096	20	31224088
3092	rs6061149	20	31301289
3093	rs6061163	20	31305779
3094	rs6061174	20	31225258
3095	rs6061178	20	31308309
3096	rs6061205	20	31311574
3097	rs6061207	20	31311939
3098	rs6061213	20	31313619
3099	rs6077651	20	10097173
3100	rs6087363	20	31326127
3101	rs6087364	20	31326216
3102	rs6087401	20	31357274
3103	rs6087404	20	31359527
3104	rs6087405	20	31359536
3105	rs6087412	20	31230869
3106	rs6087421	20	31372463
3107	rs6087422	20	31231827
3108	rs6087423	20	31232113
3109	rs6087445	20	31402449
3110	rs6087463	20	31408990
3111	rs6087464	20	31409245
3112	rs6087468	20	31417628
3113	rs6087469	20	31417792
3114	rs6087493	20	31437341
3115	rs6087741	20	31216539
3116	rs6087777	20	31271064
3117	rs6087794	20	31216756
3118	rs6087814	20	31299981
3119	rs6087831	20	31313708
3120	rs6087849	20	31319593
3121	rs6087852	20	31226529
3122	rs6087854	20	31226658
3123	rs6087855	20	31321937
3124	rs6087927	20	31348591
3125	rs6087973	20	31230768
3126	rs6088019	20	31375285
3127	rs6088036	20	31383043
3128	rs6088076	20	31394950
3129	rs6088077	20	31394974
3130	rs6088089	20	31398796
3131	rs6088109	20	31403416
3132	rs6088112	20	31403706
3133	rs6088127	20	31408264
3134	rs6088144	20	31413855
3135	rs6088146	20	31414103
3136	rs6088147	20	31414435
3137	rs6088148	20	31414733
3138	rs6088161	20	31419745
3139	rs6088164	20	31420766
3140	rs6088167	20	31236706
3141	rs6088215	20	31433986
3142	rs6088227	20	31437392
3143	rs6088233	20	31238426
3144	rs6088250	20	31448717
3145	rs6088264	20	31239835
3146	rs6088273	20	31457590
3147	rs6088382	20	31243957
3148	rs6088591	20	31250933
3149	rs6088748	20	31255332
3150	rs6088879	20	31259408
3151	rs6088901	20	31259815
3152	rs6088978	20	31263614
3153	rs6089084	20	31276299
3154	rs6089087	20	31216688
3155	rs6089109	20	31284391
3156	rs6089126	20	31288709
3157	rs6089138	20	31292300
3158	rs6089147	20	31294101
3159	rs6089196	20	31225421
3160	rs111691864	20	31217469
3161	rs112150400	20	31416053
3162	rs112812156	20	31426246
3163	rs184103024	20	31427535
3164	rs148872418	20	41470605
3165	rs149508895	20	31438545
3166	rs568729901	20	41590859
3167	rs547558824	20	31224064
3168	rs117475891	20	41550274
3169	rs139632679	20	31383532
3170	rs574820916	20	41274841
3171	rs574889739	20	31221734
3172	rs374579071	20	31240826
3173	rs376937665	20	31438224
3174	rs377502513	20	31289353
3175	rs542205809	20	31221737
3176	rs543272632	20	41469538
3177	rs200875533	20	31216579
3178	rs201117841	20	31275876
3179	rs556469402	20	31221734
3180	rs563722079	20	41370488
3181	rs13045866	20	31232935
3182	rs28503795	20	31216378
3183	rs28970657	20	31218052
3184	rs28971872	20	31218055
3185	rs34098538	20	31416273
3186	rs34477458	20	31394504
3187	rs34975038	20	31226797
3188	rs35026934	20	31223963
3189	rs35293804	20	31237254
3190	rs35378305	20	10099114
3191	rs35534510	20	31261539
3192	rs35607875	20	31224653
3193	rs35747071	20	31429414
3194	rs35985773	20	31365775
3195	rs55864139	20	41420939
3196	rs56082233	20	31378942
3197	rs56391357	20	31402632
3198	rs57445006	20	10099173
3199	rs58649766	20	10098250
3200	rs62204617	20	31427221
3201	rs62206833	20	31221893
3202	rs62207799	20	31240886
3203	rs62208471	20	41351430
3204	rs62637197	20	31235151
3205	rs62641497	20	31239287
3206	rs62641498	20	31239289
3207	rs471900	X	109302647
3208	rs472739	X	109354777
3209	rs477287	X	109338807
3210	rs478023	X	109365568
3211	rs485995	X	109352404
3212	rs493360	X	109335488
3213	rs503178	X	109355735
3214	rs504284	X	109303871
3215	rs513878	X	109288233
3216	rs518036	X	109311293
3217	rs538184	X	109315058
3218	rs546874	X	109289563
3219	rs551282	X	109301585
3220	rs553008	X	109320229
3221	rs562847	X	109330164
3222	rs568879	X	109340464
3223	rs569021	X	109340511
3224	rs572603	X	109352110
3225	rs580559	X	109302499
3226	rs590321	X	109320301
3227	rs591746	X	109352038
3228	rs593373	X	109326232
3229	rs594315	X	109319427
3230	rs599525	X	109306009
3231	rs615213	X	109363850
3232	rs616948	X	109304410
3233	rs617417	X	109337726
3234	rs618802	X	109343984
3235	rs618821	X	109337410
3236	rs625724	X	109323627
3237	rs632161	X	109343282
3238	rs644200	X	109329726
3239	rs653730	X	109289955
3240	rs654444	X	109348620
3241	rs666703	X	109321361
3242	rs667522	X	109289108
3243	rs668981	X	109320824
3244	rs669418	X	109320741
3245	rs675557	X	109300498
3246	rs687472	X	109352462
3247	rs1102322	X	109318400
3248	rs1205524	X	109301159
3249	rs1205525	X	109300191
3250	rs1205526	X	109299889
3251	rs1205527	X	109299580
3252	rs1205528	X	109298785
3253	rs1205529	X	109298341
3254	rs1205530	X	109296933
3255	rs1205531	X	109296833
3256	rs2143475	X	109309580
3257	rs2179585	X	109344656
3258	rs2473637	X	109351426
3259	rs2473638	X	109350454
3260	rs2473639	X	109341816
3261	rs2473640	X	109328505
3262	rs2480508	X	109306881
3263	rs2480510	X	109309905
3264	rs2480511	X	109310170
3265	rs2480513	X	109315946
3266	rs2480514	X	109350824
3267	rs2480515	X	109327483
3268	rs2480516	X	109325365
3269	rs2481136	X	109315653
3270	rs2481137	X	109315642
3271	rs2481138	X	109315618
3272	rs2988788	X	109324360
3273	rs3043207	X	109291247
3274	rs5943329	X	109284200
3275	rs34941756	X	109328413
3276	rs6642656	X	109324001
3277	rs201037466	X	109345152
3278	rs201987595	X	109323773
3279	rs113641972	X	109330436
3280	rs180989207	X	109366474
3281	rs144085550	X	109366342
3282	rs146478120	X	109366578
3283	rs734074	1	155248655
3285	rs741756	1	155250077
3287	rs760077	1	155208991
3288	rs914615	1	155206101
3289	rs72706172	1	155827701
3290	rs7366775	1	155199139
3291	rs7416991	1	155238856
3293	rs7512851	1	43102462
3294	rs7512852	1	43102464
3295	rs7522095	1	43102782
3296	rs7540666	1	43141932
3297	rs7542186	1	156091431
3298	rs80142782	1	155515236
3299	rs80248736	1	43102937
3300	rs74983034	1	43080880
3301	rs75169705	1	43091148
3302	rs76382232	1	43162636
3303	rs76459691	1	43092634
3304	rs76701107	1	43083752
3305	rs76718527	1	155247645
3307	rs74068812	1	43069264
3308	rs74070127	1	43142674
3309	rs7556304	1	155167033
3310	rs9426886	1	155179278
3311	rs77107850	1	43081199
3312	rs77583539	1	43083793
3313	rs77985252	1	43111270
3314	rs78639993	1	43078862
3315	rs737013	2	43125749
3316	rs738118	2	41296258
3317	rs747709	2	43126250
3318	rs72832918	2	105969616
3319	rs72832946	2	106006832
3320	rs73126817	2	234554195
3321	rs73951230	2	106147295
3322	rs73951242	2	106173931
3323	rs73951245	2	106177731
3324	rs73951247	2	106179164
3325	rs73951248	2	106179263
3326	rs74265605	2	106080199
3327	rs7558735	2	29507900
3328	rs7588193	2	43133808
3329	rs7601651	2	29530059
3330	rs7602239	2	29507679
3331	rs7602452	2	29507841
3332	rs9309669	2	29479068
3333	rs9309670	2	29479154
3334	rs76675469	2	234569987
3335	rs76724594	2	106154978
3336	rs77559469	2	106245305
3337	rs74816316	2	106232996
3338	rs75015599	2	106219563
3339	rs75460189	2	53010759
3340	rs75460256	2	106071382
3341	rs75556409	2	53031578
3342	rs75593040	2	53058170
3343	rs75876719	2	52998945
3344	rs76067277	2	106220270
3345	rs78195205	2	106161478
3346	rs78207733	2	53001976
3347	rs78331292	2	106222963
3348	rs78504975	2	53015243
3349	rs78655717	2	52999043
3350	rs78928015	2	106200777
3351	rs79237912	2	106274747
3352	rs79678886	2	106262032
3353	rs79770569	2	106149364
3354	rs80013398	2	106073424
3355	rs73857635	3	114637936
3356	rs73857638	3	114661681
3357	rs75368455	3	147686694
3358	rs7624041	3	94389819
3359	rs9820958	3	114634321
3360	rs9832274	3	114659813
3361	rs9841454	3	114643749
3362	rs9841504	3	114643917
3363	rs9846587	3	147668941
3364	rs9847290	3	147663420
3365	rs9850975	3	114675126
3366	rs9861493	3	114670085
3367	rs9872833	3	114656088
3368	rs9878038	3	114643335
3369	rs793882	4	184335162
3370	rs793885	4	184323165
3371	rs793891	4	184327167
3372	rs793892	4	184327994
3373	rs793893	4	184329193
3374	rs793894	4	184329216
3375	rs812665	4	184324157
3376	rs72923329	4	124540970
3377	rs7666278	4	124542378
3378	rs7670240	4	124539032
3379	rs7670821	4	124548568
3380	rs7674724	4	124544987
3381	rs7692257	4	124539189
3382	rs7698125	4	124539859
3383	rs9993116	4	124538477
3384	rs79320895	4	124493602
3385	rs75939835	4	124529805
3386	rs980093	5	40717003
3387	rs73084490	5	40819445
3388	rs74451505	5	40526088
3389	rs74730347	5	40560085
3390	rs75122949	5	40500592
3391	rs75184969	5	40552964
3392	rs75205547	5	40536100
3393	rs72775602	5	89607913
3394	rs72790003	5	141335075
3395	rs72790004	5	141336285
3396	rs72806826	5	141308791
3397	rs72806829	5	141309639
3398	rs72806831	5	141310451
3399	rs72806833	5	141315135
3400	rs72806837	5	141321261
3401	rs72806840	5	141327403
3402	rs72806842	5	141328690
3403	rs7380266	5	89616868
3404	rs7702883	5	40756579
3405	rs7705144	5	89628794
3406	rs7705504	5	40739159
3407	rs7711666	5	89626549
3408	rs7712641	5	89607147
3409	rs7715931	5	89632836
3410	rs7716285	5	40711259
3411	rs7717357	5	40829813
3412	rs7721023	5	89633512
3413	rs7726270	5	40718686
3414	rs7726306	5	89607008
3415	rs7730368	5	40694864
3416	rs9293520	5	89669137
3417	rs76012501	5	40579112
3418	rs76227917	5	40559171
3419	rs76367470	5	40519214
3420	rs76550048	5	40522890
3421	rs76558934	5	40609646
3422	rs76935188	5	40619060
3423	rs76943109	5	40489713
3424	rs77120807	5	40575157
3425	rs77163326	5	40494892
3426	rs77255271	5	40513477
3427	rs77260194	5	40559979
3428	rs77439436	5	40748866
3429	rs77558734	5	40494670
3430	rs77906162	5	40532139
3431	rs77936485	5	40598244
3432	rs78023121	5	40533020
3433	rs78354198	5	40502859
3434	rs78385897	5	40559923
3435	rs78449936	5	40503634
3436	rs78710564	5	40501610
3437	rs79170202	5	40541274
3438	rs79232079	5	40504945
3439	rs79333231	5	40614230
3440	rs79504086	5	40493084
3441	rs79715904	5	40513522
3442	rs79922828	5	40559724
3443	rs9296350	6	41009884
3444	rs9296351	6	41020363
3445	rs9348760	6	27334941
3446	rs9348761	6	27335046
3447	rs9348762	6	27335069
3448	rs9348781	6	27971065
3449	rs9349175	6	41014662
3450	rs9349176	6	41021786
3451	rs9357345	6	41057379
3452	rs717883	6	41077531
3453	rs721600	6	27331126
3454	rs728477	6	41047428
3455	rs736793	6	41030180
3456	rs736795	6	41030402
3457	rs742492	6	41028642
3458	rs742494	6	41040096
3459	rs742495	6	41050494
3460	rs764285	6	27343975
3461	rs846505	6	40559895
3462	rs846509	6	40562873
3463	rs846519	6	40571977
3464	rs879491	6	41059214
3465	rs932399	6	41043527
3466	rs7738684	6	41070813
3467	rs7750838	6	29935041
3474	rs7757003	6	28339474
3475	rs7763866	6	40566818
3476	rs7764160	6	40566958
3477	rs7770901	6	29934937
3484	rs9258183	6	29722892
3490	rs9259821	6	29925888
3493	rs9259839	6	29928152
3500	rs9259846	6	29928307
3507	rs9259894	6	29930730
3514	rs9259898	6	29930883
3521	rs9260042	6	29939854
3528	rs9262139	6	30663387
3536	rs9367093	6	41044378
3537	rs9367094	6	41050121
3538	rs9368502	6	27333062
3539	rs9368614	6	29939006
3546	rs9368615	6	29939036
3553	rs9368777	6	33820860
3554	rs9369248	6	40991925
3555	rs9369252	6	41018289
3556	rs9369253	6	41018799
3557	rs9369254	6	41021669
3558	rs9369255	6	41021764
3559	rs9369256	6	41030605
3560	rs9369260	6	41042629
3561	rs9379976	6	27330421
3562	rs9379977	6	27330500
3563	rs9379978	6	27330850
3564	rs9381023	6	41015542
3565	rs9381024	6	41016523
3566	rs9381025	6	41018884
3567	rs9381028	6	41057342
3568	rs9381029	6	41058714
3569	rs9381031	6	41077218
3570	rs9381032	6	41077247
3571	rs9381034	6	41081769
3572	rs9381037	6	41105899
3573	rs9391669	6	29946280
3581	rs9393805	6	27330258
3582	rs9393806	6	27330395
3583	rs9393807	6	27330510
3584	rs9393808	6	27332961
3585	rs9394754	6	41032693
3586	rs9394755	6	41038941
3587	rs9394756	6	41048444
3588	rs9394758	6	41050082
3589	rs9394761	6	41065901
3590	rs9394763	6	41110130
3591	rs9403895	6	147950237
3592	rs9404931	6	29930863
3599	rs9404954	6	29946104
3607	rs9404955	6	29946135
3615	rs9461359	6	27331788
3616	rs9461360	6	27331805
3617	rs9461363	6	27340396
3618	rs9461366	6	27342754
3619	rs9461680	6	31275570
3626	rs9462668	6	41036455
3627	rs9462669	6	41045920
3628	rs9462670	6	41046570
3629	rs9468069	6	27332064
3630	rs9468076	6	27371111
3631	rs9468911	6	31275582
3638	rs9471378	6	40566269
3639	rs9471470	6	41045252
3640	rs74293985	6	27504709
3641	rs74365306	6	27366857
3642	rs74409018	6	28252465
3643	rs74447982	6	27999583
3644	rs74571529	6	28163834
3645	rs74775791	6	27354917
3646	rs74974196	6	27481241
3647	rs74986168	6	28321151
3648	rs77454196	6	29475198
3656	rs77779601	6	28164383
3657	rs78027546	6	27373792
3658	rs78363941	6	27458035
3659	rs78518126	6	27423474
3660	rs78682950	6	28321152
3661	rs78950897	6	27503519
3662	rs79247967	6	28031409
3663	rs79278493	6	27460919
3664	rs79293179	6	29936111
3671	rs79370787	6	28016972
3672	rs79437037	6	27360478
3673	rs79654808	6	28035148
3674	rs75219442	6	27967122
3675	rs75221862	6	27399807
3676	rs75276713	6	27393978
3677	rs75481861	6	28078481
3678	rs75491088	6	27367516
3679	rs75571045	6	28137683
3680	rs75652797	6	27432770
3681	rs75661274	6	27356747
3682	rs75847452	6	27351495
3683	rs75911870	6	28296276
3684	rs75947598	6	27366245
3685	rs76050333	6	27391876
3686	rs76158636	6	28232161
3687	rs76183940	6	28049593
3688	rs76458558	6	27512768
3689	rs76681363	6	28131263
3690	rs76999482	6	28035778
3691	rs77020333	6	28164589
3692	rs77052921	6	27505676
3693	rs77086376	6	27372485
3694	rs77122594	6	28098743
3695	rs77380993	6	27506867
3696	rs79993626	6	27471432
3697	rs80053401	6	28182600
3698	rs80183551	6	27486667
3699	rs80259330	6	27355125
3700	rs976516	7	21541943
3701	rs976517	7	21541989
3702	rs976518	7	21542105
3703	rs7781669	7	21545202
3704	rs7788515	7	21541061
3705	rs73375896	8	142604217
3706	rs9324593	8	142605634
3707	rs71513661	8	142608058
3708	rs71514093	8	142681842
3709	rs72614036	8	142614411
3710	rs899381	9	6034076
3711	rs74846558	9	6063900
3712	rs76700116	9	133251112
3714	rs7466962	9	133241728
3716	rs7849280	9	133251249
3718	rs7857802	9	6075321
3719	rs7866793	9	6055039
3720	rs7867002	9	96684066
3721	rs8176643	9	133274294
3723	rs9411370	9	133249045
3725	rs9411473	9	133249012
3727	rs9411474	9	133250329
3729	rs9411475	9	133251881
3731	rs73384317	9	6066144
3732	rs73384321	9	6066533
3733	rs73384330	9	6071282
3734	rs73384333	9	6073120
3735	rs73384336	9	6074031
3736	rs73386610	9	6089224
3737	rs73386628	9	6092439
3738	rs73386637	9	6092960
3739	rs73386652	9	6096739
3740	rs73386655	9	6097891
3741	rs73386657	9	6100359
3742	rs73394748	9	6123895
3743	rs73394754	9	6124841
3744	rs73394771	9	6127660
3745	rs73394778	9	6129006
3746	rs73394784	9	6130520
3747	rs73544772	9	96673400
3748	rs73544773	9	96675580
3749	rs73544781	9	96682499
3750	rs77435102	9	6055399
3751	rs79368430	9	6048728
3752	rs752140	10	94311639
3753	rs753724	10	94291660
3754	rs7897678	10	94300853
3755	rs7897963	10	94301118
3756	rs7903902	10	94314400
3757	rs7908638	10	94315676
3758	rs7914672	10	94301090
3759	rs9417249	10	37548227
3760	rs9418267	10	37531023
3761	rs75017201	10	94295395
3762	rs75409190	10	94312668
3763	rs948202	11	133291454
3764	rs948203	11	133277810
3765	rs7104541	11	71807032
3766	rs7104784	11	71779587
3767	rs7107929	11	71838128
3768	rs7111030	11	71786368
3769	rs7111198	11	71752883
3770	rs7112161	11	71786585
3771	rs7112165	11	71786603
3772	rs7113010	11	71802381
3773	rs7113289	11	71802618
3774	rs7113497	11	71809295
3775	rs7115200	11	72041114
3776	rs7117417	11	71775067
3777	rs7117437	11	71775106
3778	rs7120658	11	71837498
3779	rs7120839	11	71776153
3780	rs7123939	11	71782151
3781	rs7124588	11	71766970
3782	rs7126933	11	71770617
3783	rs7127417	11	71786297
3784	rs7127709	11	71838037
3785	rs7129249	11	71809343
3786	rs7129525	11	133247358
3787	rs7131018	11	71771450
3788	rs7358415	11	71766024
3789	rs7927726	11	71807303
3790	rs7928041	11	71772678
3791	rs7928976	11	71754928
3792	rs7932698	11	71840084
3793	rs7941039	11	71798150
3794	rs7941502	11	71754921
3795	rs7942575	11	71781445
3796	rs7947421	11	71810780
3797	rs8181521	11	133275819
3798	rs9326463	11	71772133
3799	rs9326464	11	71785766
3800	rs9326466	11	71785844
3801	rs9326468	11	71789414
3802	rs9651735	11	71773799
3803	rs9666153	11	71785331
3804	rs9734890	11	71771244
3805	rs9736266	11	71789291
3806	rs9736335	11	133253568
3807	rs9795061	11	71756954
3808	rs9971457	11	71778985
3809	rs7297911	12	58828187
3810	rs7300400	12	111354375
3811	rs7306529	12	111342840
3812	rs7312913	12	111355748
3813	rs7316698	12	111352707
3814	rs7398343	12	111336264
3815	rs7399113	12	111355044
3816	rs7399251	12	111364876
3817	rs7958312	12	111352173
3818	rs7978892	12	111374524
3819	rs73412370	12	111377166
3820	rs74463468	12	58819998
3821	rs74974135	12	58789445
3822	rs75627724	12	58812737
3823	rs76076938	12	58786485
3824	rs76151529	12	58818544
3825	rs76522465	12	58802937
3826	rs76891742	12	58793961
3827	rs77824739	12	58787414
3828	rs78484033	12	58778487
3829	rs79203051	12	58827863
3830	rs73235973	13	79594716
3831	rs847500	14	36002435
3832	rs847504	14	36000909
3833	rs847505	14	36000730
3834	rs7152098	14	35995406
3835	rs75044926	14	35994282
3836	rs731640	15	40476080
3837	rs733299	15	40475540
3838	rs999197	15	40502999
3839	rs7162749	15	40556785
3840	rs7164385	15	40544369
3841	rs7165054	15	40565684
3842	rs7181909	15	40543455
3843	rs8025458	15	40550100
3844	rs8028910	15	40541292
3845	rs8036938	15	40546277
3846	rs8038396	15	40665172
3847	rs8042733	15	40561721
3848	rs9806410	15	40559556
3849	rs72733469	15	40526992
3850	rs73389048	15	40490729
3851	rs7185307	16	11953042
3852	rs7190280	16	87732152
3853	rs7192426	16	87753846
3854	rs7195441	16	87754207
3855	rs7200353	16	11943657
3856	rs8057743	16	11948573
3857	rs8059891	16	11945012
3858	rs8060515	16	11945025
3859	rs77257104	16	19683115
3860	rs77470213	16	87749629
3861	rs9928563	16	11948012
3862	rs9940714	16	87749984
3863	rs78180055	16	19537348
3864	rs78369019	16	76012639
3866	rs72782774	16	11951821
3867	rs7227456	18	45686457
3868	rs7227606	18	64052693
3869	rs7228878	18	45878720
3870	rs7229410	18	45970017
3871	rs7230433	18	64066589
3872	rs7236728	18	45876546
3873	rs7239664	18	64059236
3874	rs7240849	18	64059229
3875	rs7241437	18	64059265
3876	rs7242125	18	45907658
3877	rs7243454	18	45907704
3878	rs7244757	18	64056882
3879	rs8084290	18	45841001
3880	rs8088742	18	45976189
3881	rs8089544	18	45830064
3882	rs8089798	18	45800138
3883	rs8089860	18	45976190
3884	rs8090887	18	45675864
3885	rs8094311	18	64055812
3886	rs8094456	18	45977009
3887	rs8094641	18	64055666
3888	rs8098314	18	64071352
3889	rs9675414	18	64062084
3890	rs9946629	18	45871431
3891	rs9946802	18	45871537
3892	rs9947245	18	64066130
3893	rs9947795	18	45866541
3894	rs9948248	18	64041468
3895	rs9948555	18	45870393
3896	rs9948715	18	45840691
3897	rs9951978	18	45885359
3898	rs9953059	18	64043281
3899	rs9953484	18	45882921
3900	rs9955015	18	45856094
3901	rs9955246	18	45828703
3902	rs9957147	18	45840994
3903	rs9958560	18	45792365
3904	rs9959151	18	45914149
3905	rs9959239	18	45914138
3906	rs9960635	18	45909445
3907	rs9961926	18	45858471
3908	rs9962396	18	45722960
3909	rs9962831	18	45679657
3910	rs9964753	18	45928189
3911	rs9964968	18	45868400
3912	rs9965236	18	45928632
3913	rs9965728	18	45906937
3914	rs9967011	18	64065787
3915	rs9967557	18	45904630
3916	rs73953619	18	45670551
3917	rs74702194	18	45702200
3918	rs75052800	18	45900856
3919	rs75628275	18	45920081
3920	rs75843242	18	45901649
3921	rs76178885	18	45938785
3922	rs76853277	18	45841294
3923	rs77212344	18	45935673
3924	rs77971530	18	45675501
3925	rs78152130	18	45740865
3926	rs78592672	18	45838753
3927	rs79523804	18	45910447
3928	rs80346947	18	45769537
3929	rs71302785	18	64034654
3930	rs721220	20	31418506
3931	rs721221	20	31418684
3932	rs732861	20	31269665
3933	rs734418	20	31411182
3934	rs760996	20	31410787
3935	rs760997	20	31369643
3936	rs765735	20	31394130
3937	rs765736	20	31394104
3938	rs910961	20	31269011
3939	rs972546	20	31262783
3940	rs975075	20	31288835
3941	rs7262841	20	31239871
3942	rs7274729	20	31221545
3943	rs7509523	20	31228272
3944	rs8119856	20	10096101
3945	rs8183998	20	31233428
3946	rs9798555	20	31438529
3947	rs9798579	20	31239447
3948	rs79717998	20	31228266
3949	rs80164926	20	41380569
3950	rs71185358	20	31402418
3951	rs71336533	20	31222109
3952	rs71336540	20	31429218
3953	rs861419	X	109349604
3954	rs75036962	X	109366803
3955	rs80261994	X	109366791
